151
241
4
179
221
67
168
256
89
259
223
160
139
228
244
25
17
20
214
11
74
19
16
115
181
224
92
62
217
194
130
209
125
66
94
15
41
45
12
31
68
35
247
158
55
52
77
56
81
154
111
48
141
254
149
5
245
143
10
69
234
258
33
114
173
218
30
2
262
131
148
219
201
65
99
137
233
237
86
83
71
184
187
84
42
40
88
47
213
136
252
167
8
246
7
225
260
38
59
140
100
14
37
60
54
101
106
142
112
190
231
49
51
134
203
3
263
53
93
73
132
240
227
253
152
178
197
123
85
207
58
164
186
116
255
188
156
171
95
210
198
22
133
239
90
113
1
248
232
206
64
162
161
177
215
27
251
50
229
236
107
235
44
57
82
211
257
202
124
155
46
127
102
9
250
122
121
129
243
97
63
128
87
76
174
249
242
18
220
80
200
32
36
180
165
108
230
61
145
21
70
196
185
205
138
157
118
135
23
6
29
117
150
226
216
75
163
147
28
212
126
238
144
169
109
13
26
175
204
261
78
189
166
265
119
96
172
24
191
182
34
192
43
264
153
39
98
193
222
79
91
183
120
208
170
146
195
159
72
176