132
260
183
174
214
90
145
155
223
89
5
264
158
203
207
118
38
190
7
19
241
22
208
114
186
165
49
167
154
221
262
76
57
43
228
171
29
31
73
116
202
37
189
216
161
232
81
11
46
61
100
141
210
65
243
135
185
32
56
222
92
109
94
263
178
1
252
99
120
201
151
175
17
166
197
188
52
18
173
127
229
168
159
256
242
160
8
231
236
78
240
235
91
255
28
265
180
102
148
196
192
72
60
59
142
209
246
251
115
249
179
39
123
84
226
63
53
50
181
182
33
195
85
130
238
194
34
247
95
98
67
233
244
112
47
248
258
119
227
187
48
87
35
131
250
30
74
169
146
26
225
12
66
200
219
44
128
13
93
10
36
77
40
24
58
259
96
224
88
62
124
79
137
230
55
21
107
212
82
217
257
220
101
134
64
215
213
113
170
261
83
205
20
80
6
42
68
234
237
25
177
149
198
245
144
125
106
23
9
117
121
138
163
193
133
157
71
191
15
75
211
218
150
3
184
143
136
16
54
204
122
153
152
239
70
51
147
139
253
45
126
14
69
41
162
97
129
254
86
172
140
164
4
108
156